[
 [19, 27, 38, 93, 53, 31, 71, 15, 82, 27, 89, 1, 38, 36, 67, 68, 81, 80, 0, 11, 19, 44, 15, 99, 49, 2, 94, 18, 91, 71, 76, 6, 28, 55, 30, 57, 2, 23, 34, 17, 18, 7, 69, 86, 20, 34, 92, 56, 1, 18, 18, 36, 91, 96, 54, 86, 6, 78, 9, 27, 2, 96, 44, 37, 73, 81, 11, 9, 97, 29, 39, 84, 76, 4, 43, 57, 65, 55, 88, 93, 88, 97, 82, 7, 60, 2, 39, 13, 61, 85, 76, 63, 62, 13, 19, 57, 46, 7, 41, 20],
 [35, 31, 16, 41, 15, 76, 88, 52, 86, 38, 44, 17, 11, 32, 21, 71, 55, 49, 25, 93, 83, 6, 33, 27, 70, 75, 30, 30, 15, 41, 21, 83, 34, 50, 88, 75, 42, 59, 10, 28, 99, 29, 57, 54, 25, 21, 6, 42, 88, 37, 83, 98, 47, 7, 58, 82, 56, 58, 62, 36, 92, 15, 56, 11, 86, 49, 73, 73, 37, 89, 45, 69, 77, 6, 18, 57, 89, 80, 13, 59, 87, 19, 61, 49, 71, 88, 61, 81, 90, 1, 68, 62, 28, 81, 58, 27, 26, 8, 23, 27],
 [59, 3, 51, 98, 75, 90, 77, 46, 76, 27, 38, 38, 6, 18, 55, 8, 55, 93, 86, 35, 8, 13, 3, 79, 2, 4, 33, 57, 41, 4, 25, 19, 42, 74, 22, 37, 46, 86, 69, 25, 84, 56, 58, 49, 60, 59, 98, 54, 63, 68, 6, 11, 70, 16, 23, 65, 88, 94, 20, 22, 23, 52, 25, 19, 9, 10, 79, 75, 4, 55, 93, 42, 37, 43, 90, 40, 57, 98, 97, 37, 98, 36, 35, 65, 14, 86, 85, 66, 13, 78, 95, 77, 8, 27, 22, 55, 3, 50, 12, 79],
 [21, 47, 98, 42, 8, 73, 23, 56, 52, 47, 88, 5, 76, 21, 59, 39, 63, 80, 84, 39, 1, 98, 7, 30, 66, 14, 19, 19, 85, 55, 32, 16, 73, 13, 76, 6, 82, 6, 94, 71, 74, 76, 17, 67, 85, 86, 22, 65, 65, 5, 62, 55, 66, 22, 23, 28, 71, 25, 3, 20, 28, 95, 7, 68, 10, 67, 43, 83, 59, 98, 70, 63, 76, 73, 32, 7, 32, 35, 28, 77, 82, 97, 88, 43, 34, 5, 16, 11, 1, 27, 33, 0, 56, 95, 33, 24, 97, 1, 59, 51],
 [80, 57, 65, 95, 34, 21, 90, 54, 96, 6, 4, 84, 36, 90, 29, 62, 44, 22, 59, 54, 64, 42, 43, 22, 14, 89, 40, 74, 23, 81, 24, 95, 76, 93, 0, 14, 71, 51, 38, 27, 51, 47, 2, 91, 24, 79, 18, 28, 79, 40, 75, 23, 84, 30, 92, 41, 17, 47, 49, 56, 98, 12, 68, 41, 51, 11, 5, 11, 89, 28, 37, 2, 94, 32, 91, 81, 16, 49, 52, 8, 47, 78, 53, 98, 46, 37, 10, 39, 6, 64, 57, 21, 36, 56, 63, 78, 0, 13, 83, 24],
 [9, 9, 90, 36, 89, 67, 29, 25, 75, 16, 12, 23, 61, 43, 68, 92, 5, 69, 18, 59, 42, 62, 10, 63, 71, 4, 78, 57, 83, 85, 49, 82, 53, 84, 14, 50, 90, 34, 58, 7, 10, 35, 1, 19, 12, 23, 53, 5, 20, 66, 14, 30, 42, 63, 13, 24, 65, 91, 78, 50, 83, 78, 33, 53, 26, 62, 17, 46, 56, 93, 27, 27, 31, 85, 80, 79, 58, 55, 23, 73, 77, 8, 22, 51, 46, 76, 70, 7, 34, 99, 82, 83, 86, 26, 8, 3, 26, 35, 0, 32],
 [52, 83, 68, 35, 37, 62, 88, 60, 63, 91, 48, 43, 57, 26, 83, 82, 70, 97, 24, 93, 55, 56, 7, 32, 33, 94, 88, 58, 65, 93, 60, 44, 29, 28, 66, 13, 18, 29, 5, 78, 49, 22, 38, 20, 87, 64, 23, 4, 67, 52, 66, 80, 73, 39, 43, 38, 94, 36, 57, 66, 42, 51, 7, 66, 58, 9, 31, 98, 52, 10, 19, 88, 96, 19, 5, 90, 9, 26, 17, 93, 41, 5, 5, 79, 44, 47, 28, 36, 26, 27, 49, 55, 80, 8, 50, 6, 38, 9, 25, 86],
 [34, 5, 17, 50, 41, 92, 14, 14, 73, 90, 49, 19, 51, 97, 78, 3, 17, 23, 32, 33, 43, 44, 60, 27, 72, 57, 31, 80, 17, 72, 90, 68, 74, 22, 90, 52, 35, 94, 4, 76, 34, 6, 98, 69, 89, 22, 52, 90, 69, 61, 80, 51, 42, 68, 75, 74, 5, 50, 72, 96, 31, 64, 80, 39, 70, 1, 48, 95, 83, 13, 18, 97, 46, 79, 64, 4, 28, 26, 61, 44, 57, 10, 57, 14, 77, 44, 37, 3, 89, 86, 71, 64, 48, 21, 92, 22, 99, 74, 68, 90],
 [89, 75, 62, 18, 9, 35, 12, 25, 19, 80, 53, 33, 2, 6, 93, 49, 16, 63, 73, 8, 10, 80, 82, 51, 23, 74, 10, 56, 79, 81, 13, 51, 20, 75, 74, 92, 58, 61, 87, 75, 94, 68, 37, 73, 72, 91, 27, 70, 85, 97, 23, 13, 64, 56, 32, 59, 77, 82, 58, 60, 87, 36, 85, 26, 10, 81, 78, 36, 24, 57, 96, 52, 20, 95, 68, 47, 58, 72, 31, 5, 66, 72, 51, 84, 70, 30, 32, 50, 88, 48, 75, 24, 47, 61, 17, 77, 7, 93, 37, 24],
 [61, 2, 28, 79, 49, 16, 47, 56, 37, 13, 66, 68, 38, 62, 86, 76, 18, 53, 40, 51, 7, 90, 60, 16, 22, 64, 75, 55, 4, 35, 89, 60, 6, 46, 9, 12, 86, 8, 55, 23, 40, 66, 92, 87, 49, 90, 73, 54, 33, 78, 15, 86, 23, 65, 85, 73, 44, 31, 87, 10, 95, 2, 61, 81, 81, 72, 16, 68, 3, 67, 13, 46, 66, 86, 67, 68, 78, 55, 0, 67, 37, 34, 79, 16, 17, 74, 62, 41, 89, 39, 75, 41, 74, 3, 33, 33, 31, 23, 87, 58],
 [89, 71, 39, 66, 21, 49, 63, 20, 93, 65, 81, 21, 90, 66, 37, 5, 49, 9, 61, 8, 25, 66, 59, 29, 2, 46, 75, 56, 38, 51, 91, 86, 50, 52, 29, 25, 12, 67, 2, 84, 21, 42, 45, 24, 4, 42, 10, 76, 81, 1, 23, 52, 85, 66, 19, 94, 20, 69, 83, 69, 43, 61, 20, 97, 39, 16, 42, 53, 72, 7, 34, 53, 41, 82, 19, 95, 25, 2, 30, 30, 3, 29, 22, 65, 47, 6, 14, 61, 95, 63, 67, 66, 99, 83, 89, 8, 84, 38, 97, 5],
 [70, 64, 75, 3, 31, 69, 89, 60, 91, 86, 44, 6, 69, 91, 64, 91, 61, 82, 88, 70, 89, 32, 77, 5, 89, 98, 47, 62, 48, 94, 85, 6, 3, 82, 7, 47, 31, 65, 73, 72, 72, 79, 57, 6, 8, 37, 0, 56, 8, 12, 32, 28, 22, 75, 12, 75, 89, 58, 42, 54, 70, 82, 21, 80, 62, 38, 53, 1, 82, 62, 85, 41, 37, 15, 80, 7, 87, 78, 58, 55, 56, 26, 44, 42, 39, 9, 38, 40, 62, 17, 33, 81, 55, 48, 69, 75, 69, 18, 51, 6],
 [78, 30, 92, 20, 18, 63, 7, 51, 47, 87, 91, 41, 77, 28, 74, 1, 54, 38, 2, 84, 8, 81, 0, 16, 44, 58, 38, 92, 35, 89, 37, 44, 35, 18, 12, 30, 62, 42, 31, 61, 24, 41, 21, 96, 57, 5, 44, 1, 1, 48, 67, 63, 1, 25, 44, 48, 41, 11, 85, 70, 0, 83, 7, 99, 12, 26, 74, 72, 90, 86, 79, 62, 49, 88, 83, 87, 29, 57, 44, 13, 88, 96, 59, 32, 62, 65, 60, 59, 22, 42, 4, 37, 92, 97, 15, 97, 12, 75, 87, 10],
 [94, 75, 73, 65, 57, 79, 26, 4, 31, 54, 43, 58, 46, 96, 13, 25, 85, 49, 33, 3, 3, 26, 57, 30, 13, 82, 53, 32, 5, 0, 1, 32, 97, 32, 84, 80, 89, 4, 29, 65, 29, 33, 60, 81, 79, 17, 80, 78, 56, 9, 13, 81, 19, 60, 1, 47, 36, 19, 53, 50, 32, 97, 43, 2, 8, 15, 65, 90, 97, 42, 61, 77, 99, 71, 64, 56, 39, 19, 18, 9, 13, 50, 25, 29, 81, 52, 59, 88, 8, 96, 93, 52, 81, 94, 31, 37, 12, 8, 56, 20],
 [13, 2, 48, 9, 33, 92, 3, 85, 85, 42, 7, 16, 92, 86, 17, 79, 44, 11, 82, 30, 82, 7, 44, 8, 48, 44, 61, 19, 45, 67, 31, 48, 19, 43, 83, 65, 82, 57, 23, 78, 13, 73, 15, 51, 85, 48, 1, 2, 31, 43, 75, 61, 36, 1, 35, 20, 6, 14, 69, 5, 20, 8, 61, 42, 25, 71, 34, 78, 23, 85, 57, 45, 88, 21, 10, 11, 69, 83, 87, 78, 31, 33, 77, 83, 34, 8, 55, 46, 41, 79, 27, 53, 87, 72, 19, 53, 45, 18, 49, 99],
 [28, 61, 35, 23, 84, 62, 39, 53, 77, 54, 38, 72, 82, 64, 44, 82, 96, 56, 82, 72, 9, 91, 32, 99, 3, 93, 51, 84, 47, 28, 63, 30, 0, 30, 71, 14, 50, 81, 70, 76, 80, 40, 21, 3, 55, 22, 60, 41, 85, 59, 29, 16, 52, 87, 76, 15, 53, 35, 76, 2, 24, 54, 62, 71, 93, 76, 1, 4, 45, 57, 21, 48, 62, 43, 27, 58, 5, 43, 81, 38, 9, 98, 9, 31, 35, 82, 78, 68, 93, 69, 41, 74, 32, 24, 3, 28, 94, 15, 6, 67],
 [92, 44, 25, 22, 71, 43, 66, 61, 7, 75, 39, 4, 46, 63, 82, 97, 36, 92, 64, 5, 19, 84, 14, 99, 91, 62, 61, 87, 97, 65, 88, 8, 50, 90, 13, 87, 2, 20, 18, 86, 78, 68, 83, 84, 9, 47, 20, 74, 24, 8, 34, 17, 31, 10, 81, 35, 1, 56, 60, 81, 43, 6, 0, 87, 71, 35, 7, 74, 96, 34, 47, 16, 90, 86, 43, 85, 13, 58, 24, 45, 1, 88, 53, 72, 5, 33, 37, 57, 41, 23, 42, 1, 41, 97, 0, 72, 5, 51, 70, 83],
 [54, 75, 6, 70, 69, 90, 78, 38, 91, 61, 23, 1, 30, 51, 53, 61, 98, 83, 32, 13, 12, 72, 72, 65, 45, 32, 77, 24, 39, 26, 69, 62, 11, 77, 39, 65, 71, 27, 2, 31, 9, 21, 89, 18, 22, 73, 98, 6, 49, 33, 94, 91, 26, 88, 84, 41, 45, 80, 82, 42, 65, 93, 64, 99, 33, 73, 90, 33, 32, 36, 94, 72, 36, 99, 72, 78, 15, 54, 17, 2, 67, 46, 49, 90, 42, 48, 97, 59, 44, 48, 74, 87, 34, 50, 22, 41, 85, 21, 72, 93],
 [38, 59, 67, 48, 7, 15, 77, 4, 68, 68, 16, 91, 52, 65, 89, 99, 96, 52, 48, 49, 9, 2, 29, 39, 52, 57, 33, 19, 77, 33, 77, 73, 93, 75, 80, 5, 34, 46, 9, 3, 4, 49, 70, 28, 87, 55, 78, 74, 41, 37, 61, 94, 74, 60, 82, 58, 96, 98, 92, 15, 43, 13, 57, 56, 52, 77, 18, 74, 17, 4, 90, 73, 32, 47, 4, 36, 99, 39, 77, 69, 8, 9, 84, 5, 30, 14, 98, 13, 62, 98, 45, 69, 10, 99, 26, 29, 93, 60, 62, 34],
 [79, 90, 16, 94, 46, 49, 19, 47, 81, 39, 11, 86, 96, 89, 76, 1, 14, 28, 52, 11, 19, 71, 45, 65, 78, 51, 78, 41, 78, 26, 59, 79, 15, 24, 14, 89, 58, 37, 25, 16, 45, 84, 66, 83, 5, 0, 76, 86, 12, 60, 79, 11, 31, 37, 90, 91, 84, 57, 59, 78, 80, 55, 44, 1, 78, 11, 17, 23, 33, 25, 92, 82, 17, 40, 31, 1, 37, 8, 14, 85, 27, 15, 14, 8, 17, 33, 56, 35, 50, 71, 82, 64, 66, 74, 78, 94, 93, 18, 50, 32],
 [30, 78, 58, 7, 46, 2, 86, 3, 32, 61, 18, 86, 89, 93, 54, 13, 89, 11, 32, 4, 74, 11, 93, 71, 6, 91, 82, 40, 31, 28, 49, 74, 86, 26, 23, 51, 13, 56, 53, 56, 12, 10, 58, 76, 19, 53, 33, 86, 20, 31, 58, 64, 27, 42, 19, 89, 91, 10, 43, 34, 42, 15, 30, 3, 11, 8, 18, 22, 91, 94, 81, 11, 6, 38, 1, 85, 34, 85, 8, 66, 81, 99, 90, 65, 44, 93, 80, 10, 56, 33, 99, 86, 52, 66, 35, 21, 76, 23, 43, 44],
 [25, 35, 38, 89, 63, 32, 31, 76, 7, 1, 34, 13, 62, 83, 11, 83, 82, 84, 60, 2, 8, 70, 3, 11, 10, 2, 54, 17, 99, 37, 17, 12, 96, 12, 59, 61, 70, 17, 46, 11, 93, 51, 78, 6, 76, 17, 56, 52, 74, 86, 96, 9, 29, 14, 31, 14, 5, 6, 52, 88, 82, 57, 59, 16, 81, 10, 14, 89, 60, 63, 79, 42, 19, 81, 24, 50, 41, 8, 99, 37, 89, 22, 40, 88, 39, 78, 41, 5, 92, 80, 71, 85, 7, 73, 51, 16, 87, 30, 51, 66],
 [86, 63, 36, 64, 6, 39, 74, 11, 94, 40, 22, 91, 22, 65, 45, 2, 78, 74, 59, 63, 49, 1, 14, 85, 92, 91, 46, 30, 53, 56, 62, 50, 93, 20, 47, 72, 89, 62, 18, 14, 4, 88, 83, 51, 57, 95, 83, 55, 47, 30, 60, 9, 68, 7, 84, 51, 76, 36, 60, 20, 80, 64, 73, 24, 90, 88, 0, 11, 18, 82, 17, 41, 28, 55, 17, 15, 36, 46, 88, 72, 10, 49, 85, 47, 38, 46, 29, 55, 90, 92, 20, 70, 7, 33, 39, 57, 7, 39, 95, 84],
 [82, 7, 87, 45, 94, 52, 45, 30, 7, 83, 39, 52, 74, 73, 79, 15, 96, 9, 11, 80, 89, 8, 25, 49, 51, 35, 86, 88, 95, 33, 74, 49, 49, 61, 38, 32, 98, 36, 90, 54, 30, 3, 74, 11, 18, 58, 61, 84, 48, 70, 70, 78, 83, 2, 34, 48, 88, 60, 36, 55, 25, 38, 98, 34, 91, 0, 71, 16, 43, 8, 39, 63, 60, 2, 1, 11, 88, 13, 13, 95, 93, 49, 78, 42, 62, 53, 85, 25, 16, 68, 94, 81, 49, 48, 51, 45, 58, 18, 10, 82],
 [28, 82, 31, 80, 32, 33, 18, 9, 38, 41, 2, 91, 75, 96, 97, 16, 80, 87, 23, 1, 23, 3, 88, 39, 78, 52, 74, 53, 15, 30, 38, 56, 18, 78, 83, 74, 84, 88, 80, 44, 97, 77, 58, 79, 56, 35, 88, 50, 55, 87, 43, 48, 42, 99, 67, 90, 86, 2, 4, 41, 5, 98, 43, 22, 60, 95, 9, 31, 65, 13, 6, 76, 44, 82, 6, 39, 66, 9, 87, 19, 78, 60, 86, 49, 26, 87, 61, 14, 80, 11, 99, 90, 79, 46, 35, 20, 20, 93, 88, 54],
 [13, 81, 63, 68, 78, 93, 21, 13, 76, 89, 0, 5, 55, 26, 79, 59, 17, 60, 58, 12, 21, 22, 66, 90, 41, 87, 10, 5, 59, 6, 32, 33, 73, 19, 26, 58, 67, 0, 43, 56, 61, 59, 25, 49, 15, 95, 55, 83, 42, 8, 68, 85, 97, 70, 86, 47, 79, 52, 45, 34, 74, 20, 18, 48, 59, 64, 2, 69, 52, 2, 17, 99, 6, 66, 3, 72, 57, 99, 81, 96, 62, 96, 49, 11, 62, 10, 11, 84, 75, 78, 78, 7, 79, 56, 56, 64, 81, 96, 79, 87],
 [81, 89, 38, 36, 30, 91, 66, 89, 63, 71, 48, 84, 91, 11, 14, 5, 33, 33, 45, 79, 20, 97, 38, 15, 87, 14, 26, 18, 0, 65, 69, 68, 15, 32, 67, 30, 16, 84, 22, 61, 45, 85, 89, 8, 94, 5, 73, 82, 56, 10, 18, 1, 55, 46, 4, 35, 27, 52, 87, 16, 94, 20, 65, 15, 94, 13, 49, 68, 95, 11, 17, 59, 87, 58, 22, 32, 55, 78, 42, 87, 89, 31, 6, 33, 31, 72, 7, 89, 41, 87, 47, 90, 29, 35, 57, 13, 59, 32, 24, 62],
 [41, 88, 47, 49, 61, 17, 88, 0, 23, 52, 52, 28, 80, 39, 56, 59, 70, 17, 29, 87, 6, 80, 96, 59, 53, 63, 97, 95, 85, 18, 16, 73, 54, 62, 94, 41, 54, 35, 0, 19, 23, 87, 40, 52, 48, 28, 56, 6, 78, 38, 86, 29, 65, 38, 81, 98, 18, 35, 9, 99, 79, 20, 94, 62, 39, 1, 3, 35, 76, 33, 87, 8, 82, 10, 87, 18, 26, 28, 37, 92, 34, 71, 30, 32, 98, 80, 70, 12, 63, 64, 25, 76, 69, 2, 86, 54, 27, 99, 51, 60],
 [45, 81, 33, 23, 76, 93, 61, 58, 92, 20, 59, 83, 45, 22, 71, 24, 27, 33, 79, 57, 0, 56, 40, 16, 17, 12, 89, 98, 5, 4, 91, 90, 44, 32, 52, 93, 88, 31, 68, 98, 93, 2, 77, 9, 99, 15, 97, 3, 71, 51, 31, 90, 38, 83, 48, 44, 89, 61, 40, 0, 60, 4, 2, 22, 11, 79, 81, 35, 8, 36, 86, 41, 10, 74, 62, 82, 58, 49, 87, 90, 74, 48, 17, 54, 66, 3, 65, 34, 9, 53, 69, 6, 80, 80, 3, 97, 19, 48, 0, 26],
 [80, 19, 77, 25, 85, 65, 4, 34, 63, 87, 18, 47, 99, 20, 12, 43, 57, 48, 27, 9, 0, 24, 74, 96, 38, 44, 25, 9, 84, 72, 5, 52, 1, 14, 72, 55, 26, 88, 16, 5, 15, 95, 63, 45, 41, 64, 37, 22, 65, 3, 79, 16, 80, 84, 57, 76, 81, 47, 85, 82, 11, 86, 91, 8, 9, 93, 27, 69, 65, 60, 89, 42, 7, 49, 22, 53, 16, 62, 17, 37, 16, 50, 35, 53, 65, 88, 89, 76, 44, 31, 58, 40, 58, 65, 43, 27, 86, 59, 92, 89],
 [72, 22, 41, 70, 66, 25, 37, 51, 37, 93, 78, 40, 38, 97, 14, 80, 48, 30, 45, 46, 12, 83, 37, 43, 1, 29, 81, 46, 73, 50, 79, 31, 96, 46, 8, 33, 60, 57, 14, 77, 89, 61, 99, 78, 3, 60, 20, 55, 64, 30, 91, 20, 1, 44, 35, 78, 1, 99, 78, 81, 79, 76, 65, 11, 34, 46, 14, 94, 63, 0, 42, 7, 83, 67, 85, 7, 75, 18, 53, 60, 65, 36, 62, 75, 74, 62, 61, 24, 8, 46, 3, 53, 12, 5, 8, 86, 62, 16, 90, 6],
 [47, 98, 15, 57, 71, 79, 74, 74, 5, 9, 83, 53, 50, 54, 15, 50, 23, 4, 43, 75, 70, 64, 93, 79, 95, 75, 25, 12, 89, 78, 79, 33, 55, 73, 5, 12, 32, 93, 65, 10, 62, 21, 13, 39, 59, 27, 42, 40, 37, 60, 62, 84, 92, 49, 96, 96, 47, 53, 17, 20, 64, 74, 59, 66, 60, 36, 81, 6, 53, 28, 66, 1, 55, 67, 56, 83, 59, 12, 87, 73, 40, 23, 72, 59, 23, 86, 69, 59, 42, 60, 45, 17, 11, 18, 18, 99, 75, 69, 56, 77],
 [91, 87, 14, 14, 20, 15, 38, 32, 16, 10, 11, 75, 39, 78, 91, 5, 83, 94, 91, 70, 99, 28, 56, 44, 54, 3, 45, 95, 18, 90, 48, 53, 93, 78, 38, 78, 22, 86, 71, 44, 89, 67, 20, 7, 24, 68, 8, 42, 72, 82, 43, 43, 37, 78, 84, 64, 51, 52, 68, 70, 2, 75, 51, 73, 99, 69, 16, 80, 33, 4, 43, 60, 50, 9, 56, 12, 45, 89, 65, 77, 85, 29, 90, 25, 20, 54, 92, 25, 98, 68, 96, 35, 35, 27, 2, 95, 91, 8, 27, 91],
 [66, 58, 13, 73, 7, 73, 1, 50, 75, 24, 89, 80, 27, 28, 54, 87, 85, 77, 65, 84, 9, 47, 99, 65, 80, 3, 26, 44, 95, 51, 7, 89, 78, 9, 43, 33, 86, 6, 51, 18, 34, 24, 35, 5, 72, 63, 90, 2, 44, 0, 4, 81, 44, 41, 34, 38, 55, 17, 16, 92, 90, 1, 4, 33, 70, 11, 69, 76, 91, 19, 59, 94, 27, 42, 83, 65, 97, 1, 64, 21, 70, 19, 36, 1, 53, 48, 63, 1, 41, 19, 93, 5, 61, 67, 96, 20, 11, 56, 38, 1],
 [14, 35, 23, 81, 84, 39, 89, 98, 6, 37, 72, 58, 57, 66, 81, 79, 80, 26, 75, 2, 18, 5, 72, 53, 84, 12, 82, 70, 25, 22, 96, 49, 11, 53, 21, 9, 70, 31, 6, 67, 10, 49, 56, 33, 23, 47, 83, 64, 57, 53, 11, 40, 62, 13, 36, 31, 99, 94, 70, 47, 81, 11, 84, 29, 19, 38, 58, 41, 80, 18, 19, 38, 40, 12, 18, 32, 32, 72, 50, 31, 2, 6, 11, 81, 19, 5, 52, 9, 28, 92, 34, 40, 41, 94, 96, 95, 74, 79, 9, 65],
 [22, 33, 18, 12, 55, 93, 33, 4, 39, 16, 30, 61, 46, 67, 70, 76, 34, 70, 35, 70, 14, 97, 60, 17, 2, 60, 37, 66, 74, 0, 69, 38, 32, 66, 36, 81, 4, 47, 22, 92, 12, 22, 45, 30, 78, 66, 53, 95, 29, 17, 35, 64, 63, 60, 3, 25, 1, 72, 4, 97, 86, 82, 42, 97, 33, 74, 56, 4, 8, 67, 84, 62, 33, 30, 86, 2, 12, 92, 67, 69, 79, 21, 78, 69, 9, 27, 8, 6, 77, 20, 40, 78, 66, 88, 20, 43, 3, 9, 25, 6],
 [52, 35, 95, 69, 16, 27, 63, 14, 86, 21, 88, 48, 31, 0, 88, 88, 75, 83, 65, 79, 78, 11, 0, 79, 30, 1, 88, 51, 23, 62, 4, 84, 35, 34, 6, 57, 29, 58, 72, 61, 25, 13, 14, 69, 17, 1, 13, 37, 16, 49, 47, 78, 8, 87, 16, 99, 19, 65, 57, 49, 14, 70, 5, 90, 44, 55, 13, 5, 96, 20, 17, 88, 60, 33, 48, 62, 1, 66, 96, 95, 62, 58, 8, 49, 62, 84, 13, 8, 12, 32, 28, 14, 12, 60, 30, 59, 8, 50, 32, 19],
 [53, 0, 7, 94, 90, 49, 72, 26, 54, 98, 73, 8, 94, 7, 41, 38, 42, 19, 59, 11, 62, 42, 10, 87, 79, 54, 9, 6, 34, 29, 59, 10, 42, 68, 50, 93, 75, 82, 36, 43, 71, 55, 74, 39, 40, 60, 9, 11, 83, 7, 43, 46, 99, 43, 29, 20, 43, 76, 3, 89, 44, 2, 44, 3, 55, 26, 5, 78, 40, 24, 78, 79, 32, 22, 32, 41, 92, 68, 90, 5, 77, 31, 76, 73, 47, 8, 70, 68, 57, 58, 65, 87, 17, 99, 28, 51, 92, 89, 21, 77],
 [54, 24, 96, 83, 47, 60, 17, 47, 32, 57, 65, 35, 14, 48, 15, 44, 10, 51, 29, 28, 45, 59, 39, 50, 70, 57, 57, 94, 52, 44, 91, 63, 86, 23, 98, 93, 43, 7, 40, 46, 67, 29, 62, 18, 73, 83, 2, 85, 3, 9, 46, 82, 76, 41, 69, 72, 50, 81, 87, 39, 64, 69, 45, 38, 28, 28, 86, 36, 49, 37, 8, 21, 23, 29, 31, 19, 87, 17, 23, 73, 21, 98, 33, 64, 75, 17, 81, 42, 25, 79, 77, 66, 55, 96, 9, 17, 34, 18, 12, 26],
 [56, 29, 19, 46, 71, 7, 97, 90, 89, 65, 55, 38, 54, 82, 31, 49, 55, 25, 45, 57, 87, 73, 94, 10, 96, 7, 89, 58, 41, 21, 10, 62, 95, 55, 36, 40, 99, 75, 86, 49, 82, 87, 79, 81, 60, 16, 90, 49, 41, 40, 19, 65, 74, 22, 81, 3, 97, 55, 68, 10, 0, 67, 39, 58, 3, 98, 26, 11, 95, 86, 55, 47, 43, 19, 30, 75, 93, 10, 79, 72, 40, 80, 40, 55, 71, 75, 24, 14, 91, 96, 70, 36, 57, 62, 67, 79, 74, 16, 89, 71],
 [3, 84, 12, 75, 27, 24, 9, 17, 9, 89, 30, 33, 65, 27, 53, 54, 43, 79, 93, 14, 88, 96, 42, 58, 29, 51, 96, 3, 30, 47, 35, 91, 65, 97, 79, 10, 81, 14, 3, 47, 70, 7, 65, 8, 15, 31, 38, 32, 0, 47, 93, 58, 60, 40, 86, 9, 11, 9, 56, 49, 13, 89, 54, 75, 49, 42, 49, 66, 49, 70, 33, 68, 93, 2, 56, 35, 10, 63, 45, 95, 34, 76, 25, 20, 8, 4, 99, 50, 4, 84, 47, 36, 27, 5, 19, 23, 96, 89, 64, 45],
 [3, 16, 30, 56, 47, 72, 23, 54, 15, 34, 61, 78, 22, 20, 40, 34, 25, 41, 13, 71, 5, 42, 51, 61, 63, 25, 79, 92, 39, 83, 43, 7, 9, 21, 63, 92, 71, 5, 61, 70, 36, 86, 2, 9, 86, 51, 26, 37, 50, 97, 53, 50, 52, 62, 13, 58, 66, 64, 28, 44, 16, 56, 79, 87, 87, 14, 50, 9, 21, 79, 33, 96, 28, 88, 38, 64, 83, 82, 67, 67, 62, 19, 86, 96, 57, 67, 14, 65, 21, 18, 74, 59, 6, 84, 66, 1, 15, 67, 62, 95],
 [64, 88, 15, 1, 49, 42, 87, 13, 4, 94, 62, 64, 51, 19, 50, 66, 53, 13, 22, 92, 63, 24, 48, 39, 36, 40, 98, 65, 93, 57, 79, 79, 25, 75, 23, 23, 12, 41, 1, 24, 26, 70, 9, 86, 69, 94, 11, 85, 19, 14, 28, 39, 6, 89, 40, 28, 73, 69, 80, 83, 68, 45, 73, 14, 56, 80, 60, 48, 85, 0, 3, 29, 31, 68, 47, 50, 88, 33, 44, 46, 73, 58, 45, 5, 92, 30, 32, 86, 86, 98, 54, 68, 52, 9, 63, 28, 69, 92, 58, 4],
 [95, 97, 45, 80, 17, 55, 79, 0, 95, 51, 16, 16, 41, 93, 5, 39, 70, 65, 34, 39, 6, 93, 90, 76, 67, 42, 62, 54, 90, 92, 93, 98, 82, 20, 59, 67, 76, 44, 84, 4, 39, 79, 20, 54, 61, 12, 16, 33, 48, 90, 5, 85, 67, 50, 68, 67, 19, 74, 42, 75, 75, 61, 28, 5, 59, 26, 63, 26, 19, 8, 25, 61, 71, 76, 95, 83, 52, 19, 78, 25, 60, 74, 6, 55, 41, 72, 67, 76, 83, 38, 36, 50, 93, 11, 87, 61, 91, 4, 44, 76],
 [5, 73, 45, 69, 57, 94, 89, 7, 42, 94, 13, 34, 46, 0, 87, 77, 6, 8, 44, 22, 4, 21, 37, 1, 82, 99, 64, 22, 33, 15, 3, 7, 74, 66, 51, 12, 22, 16, 0, 72, 87, 94, 80, 14, 64, 73, 2, 68, 37, 66, 5, 37, 40, 77, 88, 21, 4, 94, 32, 16, 14, 94, 33, 5, 98, 56, 67, 44, 29, 97, 57, 11, 44, 57, 7, 99, 3, 57, 95, 89, 7, 40, 17, 99, 8, 58, 15, 23, 27, 59, 91, 12, 46, 72, 82, 27, 36, 26, 50, 27],
 [72, 63, 83, 74, 80, 1, 52, 35, 27, 78, 9, 48, 13, 46, 72, 73, 36, 63, 7, 59, 1, 13, 13, 69, 31, 76, 12, 8, 17, 72, 93, 64, 34, 46, 75, 5, 54, 90, 98, 11, 0, 25, 45, 93, 10, 23, 76, 32, 84, 88, 93, 35, 50, 46, 19, 74, 3, 19, 62, 61, 71, 7, 78, 6, 40, 54, 91, 34, 85, 25, 87, 64, 55, 20, 82, 19, 22, 27, 66, 17, 28, 38, 63, 53, 46, 16, 6, 64, 30, 67, 26, 17, 60, 92, 64, 76, 69, 68, 24, 20],
 [76, 76, 94, 34, 85, 33, 22, 60, 84, 7, 91, 60, 92, 68, 12, 53, 96, 63, 71, 29, 25, 15, 2, 77, 56, 2, 83, 95, 71, 47, 11, 53, 15, 68, 38, 6, 19, 32, 15, 7, 74, 84, 61, 23, 45, 69, 34, 46, 34, 11, 64, 80, 11, 26, 12, 82, 88, 61, 56, 14, 99, 67, 75, 18, 1, 69, 57, 48, 35, 21, 96, 75, 14, 17, 48, 41, 35, 80, 0, 46, 25, 80, 46, 95, 44, 61, 70, 93, 42, 39, 97, 90, 65, 24, 21, 89, 74, 68, 13, 80],
 [86, 88, 63, 52, 14, 99, 66, 66, 66, 47, 15, 87, 52, 47, 82, 48, 47, 31, 18, 50, 12, 16, 50, 16, 94, 88, 3, 0, 69, 35, 21, 45, 82, 7, 14, 11, 83, 25, 0, 24, 98, 35, 32, 72, 52, 51, 24, 64, 25, 13, 9, 16, 27, 33, 74, 67, 99, 77, 22, 18, 0, 84, 90, 46, 56, 26, 59, 36, 23, 77, 31, 40, 0, 45, 6, 87, 8, 39, 25, 2, 40, 0, 86, 17, 87, 93, 83, 3, 7, 80, 32, 97, 67, 88, 16, 77, 7, 24, 70, 84],
 [3, 19, 99, 12, 18, 33, 5, 90, 87, 71, 77, 90, 2, 75, 25, 45, 93, 26, 5, 48, 93, 97, 22, 59, 72, 85, 52, 68, 48, 96, 94, 14, 69, 45, 34, 57, 68, 44, 67, 63, 17, 73, 57, 5, 68, 12, 94, 95, 17, 16, 66, 56, 14, 87, 60, 43, 70, 75, 27, 19, 7, 13, 66, 92, 5, 71, 53, 92, 60, 84, 97, 96, 63, 66, 65, 60, 38, 62, 2, 63, 64, 8, 75, 92, 94, 8, 82, 19, 90, 30, 51, 0, 83, 51, 89, 78, 88, 10, 62, 57],
 [24, 49, 89, 64, 68, 58, 53, 92, 95, 10, 36, 26, 88, 50, 95, 36, 14, 99, 27, 20, 49, 84, 76, 44, 50, 85, 89, 69, 91, 79, 85, 54, 45, 96, 37, 79, 82, 29, 59, 87, 47, 51, 20, 81, 51, 10, 41, 0, 64, 38, 48, 18, 36, 25, 13, 15, 99, 38, 87, 21, 88, 28, 41, 52, 82, 58, 51, 38, 18, 3, 21, 87, 47, 40, 0, 89, 80, 55, 48, 28, 27, 46, 27, 37, 58, 51, 51, 84, 43, 69, 95, 64, 43, 23, 97, 24, 64, 8, 7, 31],
 [41, 87, 34, 61, 51, 79, 56, 58, 45, 8, 24, 92, 87, 87, 31, 13, 51, 24, 44, 13, 52, 93, 27, 27, 13, 50, 57, 95, 48, 40, 81, 4, 56, 14, 59, 99, 91, 93, 19, 86, 83, 71, 44, 3, 39, 30, 71, 76, 61, 90, 50, 35, 24, 11, 66, 10, 71, 25, 41, 4, 51, 93, 17, 99, 98, 57, 81, 78, 80, 86, 29, 49, 63, 40, 11, 83, 83, 32, 28, 2, 37, 88, 19, 23, 97, 56, 38, 36, 27, 59, 97, 29, 54, 24, 7, 12, 13, 98, 83, 70],
 [79, 47, 6, 84, 31, 51, 85, 30, 13, 31, 75, 74, 73, 48, 71, 74, 37, 12, 23, 25, 0, 31, 75, 29, 15, 42, 6, 16, 4, 91, 25, 4, 63, 17, 58, 89, 65, 80, 7, 77, 6, 44, 6, 39, 89, 58, 16, 38, 29, 82, 36, 60, 38, 39, 11, 1, 77, 80, 28, 31, 80, 20, 81, 5, 25, 37, 65, 19, 47, 13, 52, 31, 75, 64, 56, 30, 72, 96, 93, 67, 23, 57, 21, 96, 30, 40, 77, 20, 90, 85, 15, 24, 87, 41, 64, 17, 82, 32, 55, 62],
 [19, 84, 65, 35, 69, 56, 42, 19, 58, 28, 48, 79, 72, 7, 72, 24, 87, 4, 30, 79, 79, 64, 43, 21, 47, 24, 44, 10, 19, 37, 11, 69, 34, 58, 9, 96, 54, 64, 2, 27, 86, 0, 27, 42, 94, 32, 74, 30, 14, 32, 10, 13, 15, 64, 38, 89, 69, 9, 48, 43, 33, 51, 18, 37, 23, 22, 62, 31, 81, 86, 17, 32, 9, 3, 86, 68, 25, 30, 49, 86, 71, 22, 62, 79, 73, 59, 33, 52, 38, 49, 51, 27, 74, 76, 89, 59, 92, 22, 4, 57],
 [52, 94, 80, 86, 35, 28, 35, 47, 30, 38, 3, 49, 43, 91, 88, 13, 42, 62, 37, 57, 53, 15, 95, 70, 22, 81, 3, 58, 83, 54, 0, 43, 20, 92, 9, 85, 70, 72, 29, 49, 98, 79, 1, 74, 99, 84, 65, 37, 50, 69, 57, 34, 82, 20, 1, 63, 19, 5, 43, 70, 50, 63, 85, 27, 76, 29, 57, 51, 88, 67, 51, 8, 27, 86, 0, 68, 60, 19, 76, 6, 80, 57, 0, 53, 76, 86, 44, 99, 73, 71, 36, 88, 99, 14, 10, 25, 18, 44, 35, 22],
 [89, 43, 16, 3, 53, 61, 73, 79, 79, 78, 51, 37, 87, 89, 11, 58, 26, 97, 22, 39, 27, 18, 15, 33, 89, 70, 34, 87, 38, 75, 9, 55, 1, 23, 54, 72, 4, 57, 58, 71, 44, 88, 76, 63, 70, 33, 2, 3, 32, 43, 66, 18, 96, 66, 74, 32, 72, 84, 69, 96, 12, 98, 83, 84, 60, 5, 52, 94, 93, 13, 52, 87, 46, 92, 32, 41, 97, 59, 77, 80, 1, 93, 90, 26, 47, 94, 43, 57, 40, 25, 56, 99, 43, 28, 73, 35, 58, 43, 84, 50],
 [44, 93, 68, 31, 63, 9, 32, 79, 85, 36, 45, 55, 8, 66, 21, 28, 32, 74, 32, 53, 88, 49, 18, 18, 61, 33, 17, 79, 17, 61, 82, 23, 85, 99, 73, 35, 1, 50, 70, 51, 61, 18, 24, 43, 77, 58, 39, 27, 56, 21, 62, 15, 98, 24, 86, 96, 61, 77, 22, 84, 12, 22, 23, 45, 79, 75, 47, 35, 72, 10, 4, 31, 99, 19, 36, 26, 78, 43, 38, 75, 46, 19, 93, 68, 33, 81, 75, 29, 54, 25, 65, 39, 67, 23, 90, 83, 24, 12, 94, 56],
 [79, 21, 33, 18, 53, 33, 2, 29, 22, 91, 31, 59, 98, 89, 91, 16, 68, 88, 92, 95, 2, 53, 90, 47, 52, 22, 75, 80, 70, 75, 22, 95, 66, 85, 20, 0, 59, 15, 68, 28, 22, 68, 23, 83, 40, 68, 63, 0, 71, 63, 18, 13, 66, 51, 30, 50, 57, 8, 62, 90, 74, 72, 59, 63, 18, 56, 1, 33, 50, 37, 64, 21, 9, 11, 94, 11, 34, 13, 78, 40, 75, 96, 55, 94, 90, 60, 8, 11, 72, 84, 59, 25, 78, 76, 60, 90, 41, 27, 89, 39],
 [87, 84, 78, 97, 98, 81, 83, 38, 99, 89, 21, 23, 39, 59, 47, 54, 12, 54, 68, 21, 83, 95, 50, 8, 37, 68, 85, 37, 55, 26, 32, 24, 77, 77, 49, 17, 73, 83, 39, 69, 55, 91, 95, 82, 65, 78, 92, 36, 9, 19, 28, 44, 92, 22, 16, 17, 80, 77, 81, 71, 91, 82, 95, 44, 64, 83, 41, 14, 44, 85, 50, 28, 5, 71, 55, 47, 3, 40, 78, 41, 60, 16, 18, 48, 79, 36, 96, 26, 22, 17, 15, 85, 15, 24, 81, 11, 30, 49, 91, 4],
 [60, 81, 18, 59, 84, 52, 82, 14, 72, 54, 68, 84, 76, 55, 45, 51, 64, 45, 86, 66, 41, 97, 81, 80, 79, 5, 90, 40, 69, 92, 11, 41, 80, 48, 3, 66, 68, 52, 23, 34, 77, 98, 90, 52, 20, 22, 43, 81, 35, 10, 32, 74, 66, 74, 81, 41, 90, 24, 65, 22, 42, 55, 9, 10, 37, 68, 88, 7, 75, 40, 30, 91, 93, 71, 18, 38, 46, 67, 24, 41, 66, 44, 1, 76, 8, 59, 74, 77, 66, 43, 85, 87, 49, 62, 41, 35, 16, 76, 66, 9],
 [60, 11, 58, 91, 0, 52, 2, 77, 5, 86, 92, 68, 35, 53, 43, 66, 7, 42, 84, 85, 67, 62, 80, 11, 60, 93, 78, 35, 45, 77, 76, 80, 29, 29, 1, 8, 5, 2, 28, 16, 52, 57, 71, 72, 79, 35, 1, 14, 73, 45, 49, 11, 65, 22, 40, 92, 75, 89, 64, 89, 8, 29, 5, 80, 35, 45, 68, 5, 49, 78, 59, 9, 23, 50, 6, 48, 72, 38, 92, 83, 11, 21, 96, 35, 72, 8, 65, 56, 75, 27, 73, 89, 57, 3, 27, 39, 73, 51, 77, 94],
 [40, 80, 7, 96, 41, 39, 60, 93, 72, 59, 32, 99, 62, 24, 76, 28, 19, 7, 9, 83, 40, 53, 47, 92, 57, 27, 23, 79, 41, 46, 99, 79, 98, 56, 97, 58, 76, 46, 10, 61, 19, 45, 88, 29, 57, 18, 43, 53, 40, 46, 1, 60, 32, 96, 64, 31, 19, 77, 51, 2, 78, 77, 94, 88, 36, 44, 9, 84, 37, 86, 2, 80, 50, 46, 44, 47, 11, 51, 52, 51, 82, 43, 8, 73, 86, 57, 42, 69, 26, 51, 78, 1, 98, 93, 19, 42, 82, 93, 39, 47],
 [78, 45, 14, 70, 6, 39, 51, 94, 16, 96, 33, 15, 68, 14, 0, 12, 55, 79, 15, 21, 52, 26, 19, 76, 52, 14, 73, 29, 29, 86, 76, 26, 82, 64, 86, 26, 76, 2, 53, 54, 91, 2, 65, 76, 11, 53, 18, 33, 37, 19, 46, 41, 6, 0, 51, 84, 81, 20, 22, 65, 58, 37, 97, 66, 32, 70, 17, 85, 54, 12, 46, 98, 45, 95, 81, 30, 4, 10, 21, 72, 41, 59, 33, 68, 28, 83, 22, 54, 44, 83, 93, 88, 52, 41, 41, 33, 7, 94, 79, 0],
 [0, 25, 47, 52, 82, 83, 51, 23, 73, 8, 47, 21, 15, 45, 45, 48, 42, 46, 84, 15, 77, 50, 77, 76, 58, 25, 97, 4, 54, 34, 88, 82, 60, 52, 96, 83, 3, 89, 87, 11, 1, 12, 39, 83, 65, 10, 42, 71, 35, 25, 65, 1, 75, 65, 13, 66, 67, 52, 21, 20, 90, 90, 63, 42, 22, 91, 64, 96, 39, 89, 75, 17, 7, 27, 88, 60, 64, 53, 89, 78, 39, 80, 17, 10, 57, 5, 78, 76, 42, 86, 78, 6, 54, 17, 49, 37, 80, 23, 25, 64],
 [17, 60, 98, 60, 75, 33, 49, 88, 59, 13, 29, 97, 38, 76, 93, 72, 98, 57, 53, 89, 74, 9, 27, 57, 78, 92, 66, 87, 0, 18, 19, 24, 99, 73, 75, 87, 50, 16, 29, 11, 35, 0, 17, 22, 68, 11, 35, 54, 11, 23, 69, 19, 49, 52, 69, 86, 82, 33, 82, 55, 27, 31, 82, 17, 7, 65, 96, 74, 37, 38, 8, 56, 91, 1, 38, 90, 66, 99, 8, 0, 43, 47, 16, 5, 56, 6, 74, 72, 73, 79, 53, 8, 17, 37, 78, 29, 70, 75, 40, 40],
 [16, 96, 92, 47, 21, 36, 87, 20, 27, 4, 88, 56, 97, 0, 64, 21, 62, 27, 99, 3, 68, 78, 84, 27, 27, 71, 31, 34, 85, 75, 90, 69, 8, 84, 5, 66, 96, 88, 90, 38, 10, 56, 72, 80, 26, 5, 60, 41, 94, 45, 18, 60, 86, 68, 65, 18, 1, 3, 0, 22, 28, 2, 91, 99, 43, 28, 9, 87, 77, 52, 30, 89, 16, 23, 84, 87, 33, 72, 96, 20, 93, 62, 38, 64, 61, 79, 48, 12, 28, 45, 6, 72, 44, 13, 94, 44, 49, 12, 41, 32],
 [67, 23, 22, 2, 67, 12, 37, 14, 71, 20, 50, 59, 51, 49, 89, 29, 11, 30, 0, 54, 59, 72, 39, 79, 26, 50, 82, 55, 58, 48, 80, 11, 84, 9, 89, 98, 26, 2, 43, 16, 47, 54, 87, 48, 53, 79, 70, 70, 27, 51, 90, 51, 21, 24, 31, 72, 8, 56, 14, 62, 50, 88, 77, 51, 98, 13, 16, 72, 40, 18, 36, 67, 15, 62, 29, 67, 81, 70, 43, 53, 82, 61, 15, 20, 32, 28, 20, 44, 76, 89, 37, 78, 98, 80, 93, 13, 43, 34, 87, 47],
 [35, 95, 84, 87, 42, 60, 1, 48, 17, 23, 74, 11, 45, 73, 15, 53, 56, 32, 94, 5, 9, 73, 68, 61, 9, 26, 86, 34, 78, 5, 98, 52, 98, 62, 79, 58, 52, 78, 94, 70, 11, 51, 46, 94, 64, 70, 24, 1, 30, 54, 53, 95, 78, 26, 13, 65, 40, 72, 45, 87, 68, 63, 56, 80, 9, 9, 72, 18, 31, 81, 28, 88, 37, 36, 7, 90, 88, 71, 22, 13, 40, 47, 5, 97, 75, 52, 23, 21, 18, 60, 65, 23, 87, 60, 41, 70, 30, 32, 47, 91],
 [17, 24, 95, 0, 13, 70, 55, 83, 24, 86, 40, 74, 26, 72, 86, 27, 4, 2, 2, 81, 42, 86, 28, 14, 67, 79, 91, 50, 79, 68, 42, 82, 40, 78, 96, 42, 43, 42, 22, 10, 88, 84, 13, 10, 50, 88, 14, 23, 48, 18, 86, 86, 47, 52, 68, 0, 30, 71, 0, 87, 44, 21, 5, 77, 13, 19, 5, 60, 59, 32, 12, 98, 86, 23, 32, 98, 67, 16, 51, 76, 9, 11, 90, 29, 47, 95, 17, 16, 67, 37, 72, 26, 84, 36, 49, 41, 57, 2, 86, 92],
 [77, 79, 55, 18, 86, 50, 4, 51, 57, 18, 4, 55, 84, 50, 89, 7, 45, 85, 69, 29, 39, 24, 95, 23, 98, 41, 22, 6, 73, 61, 37, 97, 10, 81, 49, 28, 24, 27, 80, 51, 31, 56, 89, 77, 64, 11, 54, 65, 13, 9, 17, 23, 48, 24, 99, 97, 1, 25, 82, 15, 29, 20, 39, 45, 59, 14, 94, 85, 75, 99, 73, 63, 72, 79, 20, 33, 75, 96, 0, 27, 40, 68, 72, 40, 79, 82, 36, 65, 92, 26, 11, 9, 39, 8, 54, 57, 32, 16, 8, 5],
 [21, 93, 79, 81, 11, 39, 86, 99, 91, 46, 79, 23, 90, 96, 48, 93, 20, 90, 47, 66, 88, 10, 39, 57, 82, 87, 56, 11, 48, 96, 45, 22, 77, 70, 16, 37, 57, 21, 41, 79, 72, 75, 75, 17, 47, 42, 50, 71, 48, 84, 40, 49, 31, 40, 5, 36, 39, 47, 24, 40, 19, 43, 38, 80, 40, 18, 29, 51, 14, 31, 1, 54, 43, 68, 33, 46, 53, 34, 80, 43, 85, 79, 44, 40, 97, 68, 65, 74, 15, 67, 65, 34, 44, 51, 83, 32, 93, 63, 24, 96],
 [70, 61, 43, 92, 15, 30, 49, 52, 64, 54, 22, 85, 65, 58, 23, 83, 60, 96, 13, 69, 11, 54, 16, 93, 76, 9, 36, 20, 40, 92, 54, 2, 35, 34, 13, 68, 42, 59, 65, 7, 17, 3, 70, 43, 51, 63, 78, 10, 86, 74, 97, 93, 43, 23, 63, 17, 46, 31, 30, 31, 7, 31, 7, 78, 21, 47, 85, 95, 75, 87, 19, 95, 77, 85, 92, 7, 1, 83, 4, 8, 49, 31, 41, 50, 12, 40, 85, 5, 36, 20, 56, 20, 31, 96, 26, 63, 74, 80, 94, 79],
 [52, 26, 47, 22, 37, 89, 39, 0, 7, 68, 75, 71, 52, 80, 64, 17, 35, 91, 66, 60, 8, 28, 70, 52, 33, 84, 78, 14, 86, 64, 11, 32, 0, 98, 64, 46, 13, 42, 62, 59, 69, 64, 82, 81, 29, 50, 3, 31, 74, 66, 69, 13, 13, 8, 68, 64, 59, 88, 19, 4, 0, 0, 92, 3, 3, 27, 44, 13, 15, 26, 14, 68, 99, 30, 22, 15, 37, 69, 3, 79, 11, 93, 98, 65, 70, 17, 86, 48, 23, 63, 48, 98, 74, 50, 84, 31, 14, 20, 69, 42],
 [43, 74, 38, 79, 90, 58, 34, 83, 48, 0, 18, 38, 13, 92, 53, 56, 0, 87, 63, 12, 13, 80, 43, 92, 59, 40, 23, 17, 82, 25, 57, 70, 56, 97, 76, 65, 37, 73, 96, 27, 5, 62, 16, 92, 24, 0, 50, 19, 43, 48, 93, 23, 15, 60, 41, 24, 65, 83, 33, 20, 1, 20, 19, 71, 84, 34, 1, 26, 83, 61, 36, 73, 33, 73, 49, 46, 46, 95, 88, 2, 51, 84, 49, 23, 24, 25, 14, 74, 44, 62, 72, 53, 94, 7, 0, 99, 85, 61, 85, 97],
 [1, 2, 52, 1, 43, 91, 47, 47, 76, 94, 63, 42, 55, 26, 86, 7, 45, 32, 62, 92, 8, 0, 79, 65, 12, 60, 21, 50, 74, 90, 81, 92, 31, 43, 99, 59, 53, 48, 33, 98, 11, 73, 99, 42, 8, 72, 55, 82, 34, 17, 28, 60, 9, 73, 53, 36, 10, 51, 12, 31, 4, 49, 71, 41, 71, 62, 94, 62, 23, 63, 57, 22, 87, 30, 64, 56, 61, 65, 20, 86, 1, 69, 44, 53, 11, 87, 27, 21, 8, 4, 21, 53, 43, 49, 51, 24, 91, 22, 56, 28],
 [66, 64, 43, 21, 3, 24, 70, 94, 71, 66, 46, 71, 87, 65, 51, 32, 48, 41, 47, 89, 41, 88, 89, 95, 60, 80, 59, 62, 92, 62, 4, 74, 27, 19, 59, 67, 90, 80, 65, 84, 22, 25, 40, 28, 56, 19, 20, 42, 42, 38, 42, 6, 18, 87, 46, 55, 98, 60, 94, 38, 48, 21, 97, 88, 47, 25, 11, 47, 31, 49, 51, 15, 32, 40, 1, 10, 20, 59, 25, 41, 55, 49, 81, 36, 99, 69, 53, 82, 66, 16, 51, 28, 9, 23, 72, 71, 12, 71, 43, 58],
 [80, 21, 2, 45, 45, 68, 45, 46, 2, 21, 85, 77, 94, 11, 16, 23, 89, 57, 69, 29, 26, 54, 53, 69, 82, 75, 49, 53, 84, 22, 64, 55, 89, 47, 5, 36, 16, 86, 66, 24, 73, 48, 58, 21, 44, 33, 20, 52, 21, 29, 46, 18, 94, 77, 58, 90, 37, 92, 23, 31, 37, 52, 74, 24, 48, 15, 5, 69, 97, 71, 27, 80, 72, 71, 12, 33, 82, 41, 26, 90, 2, 41, 1, 36, 54, 4, 24, 26, 1, 68, 33, 68, 58, 5, 78, 35, 33, 6, 93, 96],
 [37, 75, 14, 81, 32, 0, 30, 43, 18, 19, 99, 63, 90, 56, 34, 10, 60, 95, 7, 28, 11, 10, 69, 58, 78, 42, 57, 18, 94, 26, 27, 43, 15, 26, 61, 5, 92, 38, 9, 33, 52, 23, 99, 41, 30, 31, 61, 74, 35, 79, 8, 15, 51, 12, 98, 23, 17, 1, 19, 8, 29, 97, 3, 91, 24, 29, 90, 54, 8, 52, 42, 32, 74, 39, 83, 97, 6, 42, 45, 62, 10, 25, 65, 48, 89, 19, 33, 56, 77, 52, 15, 90, 80, 13, 81, 63, 4, 6, 15, 68],
 [74, 33, 38, 60, 14, 44, 86, 3, 57, 32, 92, 64, 28, 68, 74, 27, 60, 70, 17, 1, 21, 27, 24, 19, 71, 88, 65, 64, 93, 65, 45, 69, 28, 18, 97, 26, 60, 1, 17, 83, 74, 73, 79, 34, 5, 91, 77, 93, 22, 20, 69, 94, 64, 29, 62, 16, 93, 88, 88, 14, 71, 20, 48, 71, 12, 54, 2, 34, 54, 56, 8, 50, 14, 53, 95, 95, 69, 6, 83, 78, 26, 69, 21, 58, 56, 97, 90, 35, 56, 23, 39, 73, 20, 32, 40, 89, 84, 8, 4, 5],
 [47, 66, 75, 26, 68, 9, 21, 15, 96, 52, 38, 4, 13, 87, 16, 90, 93, 98, 5, 23, 67, 3, 20, 76, 80, 9, 99, 37, 34, 19, 60, 95, 64, 70, 19, 64, 18, 27, 3, 66, 37, 85, 56, 10, 9, 60, 39, 42, 85, 41, 14, 87, 38, 25, 65, 4, 97, 37, 49, 66, 79, 8, 56, 48, 56, 44, 41, 87, 76, 16, 11, 45, 17, 63, 9, 23, 35, 68, 14, 91, 23, 68, 35, 40, 98, 36, 39, 85, 65, 72, 97, 23, 12, 88, 29, 36, 90, 29, 51, 88],
 [57, 40, 5, 66, 1, 35, 36, 5, 90, 16, 21, 7, 59, 10, 97, 81, 38, 64, 37, 24, 33, 20, 10, 74, 72, 55, 49, 52, 79, 30, 66, 74, 6, 97, 97, 60, 31, 82, 80, 16, 44, 46, 76, 14, 1, 37, 87, 44, 37, 98, 18, 39, 10, 9, 47, 33, 27, 89, 46, 57, 50, 74, 44, 19, 7, 41, 14, 83, 54, 64, 21, 84, 69, 14, 13, 46, 16, 45, 79, 47, 17, 93, 95, 33, 12, 94, 90, 70, 41, 6, 5, 68, 9, 46, 24, 21, 24, 84, 58, 38],
 [99, 18, 64, 90, 16, 17, 35, 18, 66, 59, 99, 26, 73, 50, 9, 33, 28, 11, 80, 69, 74, 33, 63, 46, 93, 86, 37, 68, 34, 18, 50, 22, 22, 49, 93, 5, 43, 47, 49, 79, 27, 28, 93, 39, 16, 30, 64, 21, 78, 98, 28, 78, 42, 76, 52, 37, 85, 54, 29, 38, 8, 55, 66, 86, 17, 78, 93, 18, 31, 45, 3, 77, 24, 55, 24, 52, 43, 52, 54, 46, 79, 4, 98, 7, 46, 11, 24, 27, 29, 3, 50, 18, 76, 18, 6, 2, 99, 51, 68, 48],
 [83, 72, 19, 89, 57, 43, 2, 78, 50, 37, 93, 15, 17, 31, 49, 27, 38, 52, 7, 69, 92, 68, 92, 72, 3, 21, 0, 66, 69, 61, 58, 85, 16, 98, 35, 26, 54, 53, 19, 44, 17, 22, 73, 71, 86, 59, 72, 58, 90, 63, 46, 33, 19, 89, 88, 68, 28, 98, 29, 90, 33, 41, 22, 39, 30, 10, 77, 56, 84, 5, 72, 7, 41, 14, 45, 44, 19, 48, 22, 33, 43, 66, 0, 78, 98, 35, 93, 72, 6, 75, 73, 5, 90, 93, 92, 87, 1, 59, 99, 6],
 [14, 41, 24, 29, 31, 7, 13, 57, 27, 21, 33, 80, 47, 67, 27, 40, 42, 41, 50, 11, 93, 86, 23, 13, 93, 2, 94, 9, 95, 14, 92, 52, 81, 75, 76, 3, 77, 40, 6, 40, 53, 63, 54, 97, 53, 65, 11, 81, 51, 5, 22, 93, 58, 88, 14, 72, 53, 8, 28, 79, 37, 28, 4, 0, 79, 32, 78, 83, 62, 1, 45, 87, 13, 53, 22, 83, 4, 10, 81, 0, 87, 31, 81, 47, 85, 79, 7, 67, 36, 0, 74, 12, 69, 59, 40, 72, 40, 17, 76, 97],
 [68, 93, 31, 77, 72, 77, 45, 38, 98, 55, 79, 94, 6, 0, 14, 33, 92, 41, 96, 48, 59, 21, 52, 80, 99, 76, 49, 14, 15, 22, 25, 69, 61, 93, 75, 39, 78, 60, 83, 29, 94, 29, 56, 82, 96, 7, 77, 73, 89, 29, 46, 60, 41, 13, 42, 77, 73, 83, 97, 82, 58, 84, 97, 28, 2, 58, 45, 70, 67, 49, 14, 68, 43, 1, 21, 21, 86, 66, 74, 18, 97, 33, 66, 82, 1, 94, 79, 98, 95, 79, 94, 79, 53, 37, 62, 62, 87, 70, 74, 35],
 [31, 47, 21, 36, 31, 59, 29, 86, 79, 61, 84, 32, 61, 6, 2, 8, 62, 46, 30, 59, 64, 74, 84, 77, 82, 6, 98, 91, 54, 48, 51, 37, 59, 97, 46, 73, 81, 95, 33, 35, 46, 78, 52, 72, 74, 79, 10, 12, 44, 16, 92, 53, 9, 19, 86, 16, 31, 80, 95, 82, 71, 61, 38, 16, 61, 58, 20, 85, 39, 90, 19, 37, 65, 16, 36, 55, 87, 88, 29, 37, 11, 83, 1, 40, 75, 61, 45, 16, 97, 70, 52, 9, 46, 41, 9, 4, 73, 74, 31, 46],
 [60, 84, 53, 76, 42, 42, 14, 89, 39, 80, 7, 49, 28, 15, 33, 68, 98, 80, 66, 4, 25, 62, 77, 47, 15, 33, 19, 72, 50, 87, 41, 12, 10, 46, 47, 37, 70, 46, 19, 46, 11, 38, 76, 35, 23, 1, 91, 83, 20, 98, 8, 59, 26, 20, 45, 19, 66, 8, 3, 66, 86, 5, 68, 57, 66, 56, 66, 46, 34, 85, 9, 11, 28, 57, 3, 35, 4, 13, 88, 91, 63, 20, 60, 2, 38, 14, 47, 85, 45, 38, 0, 99, 60, 67, 94, 10, 53, 9, 8, 84],
 [44, 59, 43, 33, 18, 19, 11, 89, 0, 77, 32, 65, 54, 8, 24, 17, 73, 67, 26, 25, 78, 79, 95, 54, 58, 92, 75, 30, 75, 88, 66, 9, 75, 18, 60, 7, 7, 36, 31, 20, 9, 86, 91, 84, 68, 13, 11, 77, 37, 11, 16, 15, 51, 83, 69, 17, 13, 13, 37, 49, 64, 84, 28, 14, 81, 7, 70, 18, 47, 20, 28, 57, 36, 18, 50, 10, 90, 20, 47, 39, 75, 31, 79, 8, 40, 27, 31, 57, 50, 24, 53, 4, 55, 78, 64, 80, 45, 97, 2, 82],
 [69, 40, 85, 54, 83, 48, 25, 3, 62, 47, 68, 22, 73, 46, 61, 3, 63, 40, 79, 15, 71, 35, 27, 82, 86, 74, 46, 49, 31, 84, 10, 67, 0, 63, 21, 69, 7, 24, 62, 23, 92, 39, 53, 85, 7, 51, 86, 75, 13, 56, 59, 89, 35, 70, 83, 52, 6, 93, 54, 97, 49, 10, 83, 5, 84, 18, 34, 8, 73, 63, 98, 69, 54, 72, 42, 95, 16, 68, 35, 38, 70, 49, 4, 96, 1, 93, 80, 29, 27, 93, 17, 29, 85, 8, 70, 71, 97, 16, 92, 59],
 [34, 65, 11, 78, 67, 28, 40, 4, 77, 47, 84, 12, 50, 33, 68, 72, 72, 99, 22, 50, 61, 3, 91, 75, 52, 23, 28, 30, 72, 8, 45, 54, 66, 1, 51, 47, 62, 83, 53, 90, 26, 68, 2, 76, 19, 67, 46, 98, 74, 40, 7, 98, 18, 40, 21, 17, 75, 61, 36, 21, 42, 3, 32, 50, 6, 4, 77, 78, 74, 9, 31, 25, 11, 49, 36, 43, 62, 85, 10, 86, 97, 36, 11, 32, 61, 48, 98, 78, 59, 14, 20, 92, 4, 93, 20, 64, 68, 22, 5, 93],
 [22, 94, 63, 47, 41, 16, 38, 18, 81, 44, 52, 33, 3, 35, 74, 29, 28, 29, 98, 74, 47, 36, 66, 2, 11, 21, 70, 56, 9, 5, 62, 58, 66, 0, 22, 94, 57, 36, 91, 61, 91, 56, 54, 9, 13, 92, 7, 19, 0, 6, 30, 45, 85, 85, 23, 0, 54, 22, 31, 57, 23, 73, 98, 89, 99, 9, 39, 68, 18, 32, 22, 89, 18, 73, 63, 97, 67, 91, 20, 92, 40, 54, 71, 80, 91, 45, 50, 3, 74, 88, 6, 91, 16, 98, 13, 75, 98, 84, 83, 24],
 [91, 22, 32, 86, 20, 50, 50, 82, 76, 17, 90, 7, 46, 37, 95, 91, 3, 95, 11, 97, 1, 23, 18, 99, 5, 15, 69, 84, 37, 15, 47, 50, 28, 37, 91, 6, 20, 40, 54, 80, 2, 92, 62, 54, 99, 70, 9, 25, 50, 55, 90, 58, 67, 66, 19, 95, 90, 36, 78, 63, 66, 23, 63, 69, 94, 38, 15, 27, 5, 60, 98, 7, 10, 61, 30, 95, 98, 15, 30, 4, 1, 7, 16, 51, 68, 36, 7, 7, 23, 19, 71, 47, 94, 86, 44, 49, 0, 46, 8, 36],
 [49, 78, 9, 5, 75, 22, 75, 66, 88, 97, 11, 76, 10, 82, 26, 14, 47, 78, 97, 37, 5, 71, 67, 42, 55, 95, 45, 58, 24, 12, 41, 1, 86, 22, 57, 48, 22, 50, 65, 77, 52, 69, 30, 6, 7, 51, 96, 53, 43, 66, 55, 55, 76, 6, 30, 1, 34, 84, 64, 72, 10, 44, 46, 64, 38, 41, 88, 22, 33, 35, 43, 29, 70, 27, 41, 7, 32, 60, 94, 79, 56, 64, 66, 15, 68, 64, 18, 66, 98, 2, 8, 99, 26, 24, 76, 67, 50, 4, 85, 28],
 [56, 57, 91, 39, 86, 15, 43, 27, 60, 1, 74, 71, 70, 39, 32, 13, 36, 89, 69, 1, 65, 10, 82, 63, 5, 59, 36, 74, 50, 6, 17, 18, 91, 67, 82, 44, 64, 55, 55, 77, 40, 37, 78, 73, 75, 24, 55, 91, 79, 77, 20, 63, 3, 70, 88, 81, 49, 49, 32, 41, 43, 74, 24, 74, 81, 69, 79, 90, 79, 28, 8, 7, 56, 58, 73, 19, 24, 30, 54, 58, 73, 39, 5, 64, 38, 60, 70, 65, 88, 33, 72, 99, 21, 56, 74, 44, 44, 69, 50, 69],
 [68, 49, 11, 37, 14, 56, 4, 14, 74, 17, 72, 8, 99, 93, 45, 68, 19, 46, 2, 37, 42, 8, 37, 54, 72, 13, 63, 45, 5, 51, 73, 82, 59, 80, 64, 32, 30, 81, 40, 32, 98, 12, 77, 33, 48, 95, 61, 60, 39, 33, 60, 3, 88, 47, 71, 57, 10, 9, 74, 28, 89, 86, 43, 4, 93, 62, 44, 65, 77, 12, 41, 60, 80, 8, 46, 64, 89, 48, 48, 24, 83, 43, 87, 35, 9, 95, 17, 56, 63, 26, 82, 8, 6, 95, 13, 98, 58, 35, 44, 48],
 [47, 35, 83, 87, 3, 63, 48, 61, 66, 7, 9, 73, 28, 25, 43, 83, 66, 8, 39, 53, 44, 60, 27, 60, 99, 10, 29, 43, 23, 19, 2, 92, 26, 47, 69, 77, 49, 52, 35, 52, 88, 40, 58, 15, 20, 45, 52, 98, 17, 98, 13, 46, 10, 7, 35, 58, 57, 88, 87, 61, 59, 77, 77, 56, 58, 80, 85, 99, 71, 34, 59, 14, 89, 52, 37, 16, 91, 64, 2, 67, 22, 22, 16, 8, 36, 37, 60, 88, 2, 89, 93, 91, 13, 31, 36, 16, 43, 81, 18, 73],
 [94, 52, 44, 60, 50, 42, 9, 99, 1, 27, 65, 68, 51, 59, 26, 75, 74, 52, 40, 54, 88, 90, 81, 42, 67, 56, 63, 35, 9, 26, 41, 55, 88, 23, 96, 58, 70, 62, 34, 60, 25, 51, 42, 5, 72, 7, 28, 93, 26, 85, 2, 77, 18, 94, 27, 78, 34, 80, 58, 58, 36, 78, 85, 50, 45, 6, 47, 30, 65, 95, 63, 86, 69, 7, 40, 7, 67, 24, 60, 8, 78, 26, 55, 8, 92, 41, 70, 96, 91, 26, 80, 96, 77, 72, 43, 96, 15, 50, 26, 99],
 [69, 94, 75, 55, 32, 51, 96, 96, 7, 73, 81, 21, 23, 32, 5, 27, 81, 56, 87, 63, 84, 87, 97, 37, 43, 80, 83, 46, 84, 11, 23, 40, 39, 94, 91, 38, 49, 59, 81, 80, 95, 0, 55, 17, 92, 79, 60, 81, 32, 82, 67, 47, 72, 78, 68, 3, 94, 0, 90, 13, 40, 69, 25, 35, 83, 84, 60, 38, 67, 86, 74, 13, 96, 86, 57, 60, 23, 89, 1, 12, 90, 68, 23, 8, 75, 5, 83, 83, 35, 7, 30, 18, 4, 43, 28, 17, 1, 44, 79, 40],
 [78, 72, 21, 9, 14, 1, 20, 65, 84, 26, 44, 19, 55, 32, 32, 78, 67, 96, 20, 62, 9, 91, 65, 75, 27, 2, 53, 11, 24, 18, 76, 16, 42, 0, 22, 28, 96, 89, 32, 20, 18, 90, 18, 30, 62, 23, 0, 93, 89, 56, 13, 75, 29, 4, 32, 0, 56, 51, 56, 35, 56, 42, 86, 44, 64, 30, 56, 17, 69, 42, 30, 39, 28, 46, 71, 69, 35, 88, 90, 82, 63, 18, 50, 59, 66, 55, 74, 79, 58, 77, 39, 95, 29, 45, 10, 4, 8, 43, 1, 86],
 [56, 12, 79, 63, 63, 43, 27, 22, 60, 54, 41, 51, 39, 90, 13, 83, 94, 23, 88, 67, 70, 16, 58, 56, 37, 80, 46, 1, 76, 40, 37, 72, 38, 96, 4, 48, 80, 26, 68, 58, 33, 15, 9, 90, 5, 7, 3, 51, 55, 31, 3, 44, 25, 38, 49, 25, 1, 76, 76, 23, 85, 67, 84, 79, 81, 24, 84, 34, 55, 65, 87, 40, 76, 62, 56, 79, 45, 15, 24, 26, 37, 45, 48, 67, 9, 32, 80, 19, 21, 92, 2, 21, 70, 87, 12, 34, 68, 52, 93, 73],
 [87, 68, 32, 86, 87, 83, 75, 44, 24, 7, 6, 30, 24, 56, 41, 13, 24, 41, 27, 28, 66, 44, 61, 15, 3, 47, 43, 50, 55, 85, 33, 31, 70, 26, 45, 17, 52, 47, 91, 10, 28, 34, 32, 73, 5, 96, 37, 69, 26, 92, 97, 8, 65, 76, 88, 39, 50, 83, 62, 4, 11, 39, 87, 56, 93, 32, 43, 18, 96, 37, 57, 10, 72, 11, 81, 15, 37, 88, 86, 56, 19, 18, 73, 45, 22, 29, 87, 34, 60, 81, 77, 67, 46, 42, 33, 65, 89, 8, 88, 45],
]
